51 80 66 4 52 6 33 99 29 1 17 33 3 55 42
14 17 89 3 4 38 0 53 81 96 82 70 58 72 58
27 67 97 18 2 49 49 13 75 75 10 78 63 9 36
3 69 70 18 94 2 33 41 22 67 21 42 53 16 61
39 16 76 34 69 73 16 89 87 79 13 63 44 42 1
80 8 57 67 90 2 27 54 67 36 59 16 39 26 92
37 24 60 65 57 58 69 55 24 76 3 18 8 38 87
9 68 56 67 55 64 36 13 81 84 0 95 76 42 77
20 85 61 1 27 27 87 47 57 38 84 90 21 31 82
46 87 10 55 51 71 7 25 49 42 9 10 76 17 12
55 45 22 17 91 41 94 51 89 4 0 32 84 42 40
73 59 15 36 93 75 3 79 85 46 11 4 49 96 50
34 47 11 79 43 21 70 97 58 19 24 93 0 33 56
27 29 17 30 54 71 5 55 2 23 25 57 69 62 25
92 82 30 85 68 96 93 77 58 11 69 78 37 24 83
