63 56 40 35 59 42 81 33 43 10 43 48 27 18 47
82 35 64 66 36 86 33 72 36 90 57 45 85 45 62
85 85 31 70 5 59 9 82 2 40 90 56 95 49 39
23 99 44 37 97 24 34 26 40 71 7 50 93 45 89
56 81 20 66 48 93 81 69 51 65 74 59 34 68 61
47 43 67 38 17 42 29 54 6 51 79 41 32 53 55
74 4 38 76 76 96 53 92 0 22 6 48 30 76 88
71 62 88 97 8 55 3 50 16 68 18 87 74 35 28
6 28 12 23 55 78 93 99 89 30 45 15 70 64 6
14 70 0 82 88 71 80 21 26 81 38 59 27 53 32
90 94 26 1 56 44 9 58 13 58 5 92 2 62 58
38 54 97 69 98 30 6 92 12 16 15 29 51 81 48
59 83 95 0 34 25 48 66 91 16 8 5 52 4 54
18 5 9 3 16 52 51 17 87 52 6 58 42 17 77
34 21 48 18 47 54 28 40 82 36 21 37 21 29 70

